Character to attribute mapping:
  G: ?
  A: cattle
  B: domestic-mammal
  C: human
  D: mammal
  E: poultry
  F: wild-bird


Substitution rate (mu): 54.097677

Equilibrium frequencies (pi_i):
  A: 0.5122
  B: 0.0768
  C: 0.1185
  D: 0.1238
  E: 0.0724
  F: 0.0965

Symmetrized rates from j->i (W_ij):
	A	B	C	D	E	F
  A	0	3.1768	0.5837	0.5344	4.3668	2.0167
  B	3.1768	0	0.4388	0.5733	0.4392	0.5035
  C	0.5837	0.4388	0	0.439	0.4387	0.55
  D	0.5344	0.5733	0.439	0	0.4386	0.439
  E	4.3668	0.4392	0.4387	0.4386	0	0.4394
  F	2.0167	0.5035	0.55	0.439	0.4394	0

Actual rates from j->i (Q_ij):
	A	B	C	D	E	F
  A	0	1.6271	0.2989	0.2737	2.2365	1.0329
  B	0.2438	0	0.0337	0.044	0.0337	0.0386
  C	0.0691	0.052	0	0.052	0.052	0.0652
  D	0.0661	0.071	0.0543	0	0.0543	0.0543
  E	0.316	0.0318	0.0317	0.0317	0	0.0318
  F	0.1946	0.0486	0.0531	0.0424	0.0424	0

