Character to attribute mapping:
  G: ?
  A: cattle
  B: domestic-mammal
  C: human
  D: mammal
  E: poultry
  F: wild-bird


Substitution rate (mu): 28.25866

Equilibrium frequencies (pi_i):
  A: 0.3105
  B: 0.1275
  C: 0.1431
  D: 0.1431
  E: 0.1295
  F: 0.1464

Symmetrized rates from j->i (W_ij):
	A	B	C	D	E	F
  A	0	2.1709	0.7501	0.7508	3.7327	2.0416
  B	2.1709	0	0.5228	0.5228	0.5252	0.7887
  C	0.7501	0.5228	0	0.525	0.5246	0.5248
  D	0.7508	0.5228	0.525	0	0.5246	0.5248
  E	3.7327	0.5252	0.5246	0.5246	0	0.5246
  F	2.0416	0.7887	0.5248	0.5248	0.5246	0

Actual rates from j->i (Q_ij):
	A	B	C	D	E	F
  A	0	0.674	0.2329	0.2331	1.1589	0.6339
  B	0.2767	0	0.0666	0.0666	0.0669	0.1005
  C	0.1074	0.0748	0	0.0751	0.0751	0.0751
  D	0.1074	0.0748	0.0751	0	0.0751	0.0751
  E	0.4833	0.068	0.0679	0.0679	0	0.0679
  F	0.2988	0.1154	0.0768	0.0768	0.0768	0

