Character to attribute mapping:
  G: ?
  A: cattle
  B: domestic-mammal
  C: human
  D: mammal
  E: poultry
  F: wild-bird


Substitution rate (mu): 35.033519

Equilibrium frequencies (pi_i):
  A: 0.3567
  B: 0.125
  C: 0.1383
  D: 0.1383
  E: 0.1169
  F: 0.1247

Symmetrized rates from j->i (W_ij):
	A	B	C	D	E	F
  A	0	2.1135	0.6784	0.6784	3.9942	2.1108
  B	2.1135	0	0.4732	0.4732	0.4731	0.4761
  C	0.6784	0.4732	0	0.4736	0.4733	0.4735
  D	0.6784	0.4732	0.4736	0	0.4734	0.4735
  E	3.9942	0.4731	0.4733	0.4734	0	0.4733
  F	2.1108	0.4761	0.4735	0.4735	0.4733	0

Actual rates from j->i (Q_ij):
	A	B	C	D	E	F
  A	0	0.754	0.242	0.242	1.4249	0.753
  B	0.2642	0	0.0591	0.0591	0.0591	0.0595
  C	0.0938	0.0654	0	0.0655	0.0655	0.0655
  D	0.0938	0.0654	0.0655	0	0.0655	0.0655
  E	0.4669	0.0553	0.0553	0.0553	0	0.0553
  F	0.2633	0.0594	0.0591	0.0591	0.059	0

