Character to attribute mapping:
  G: ?
  A: cattle
  B: domestic-mammal
  C: human
  D: mammal
  E: poultry
  F: wild-bird


Substitution rate (mu): 37.750602

Equilibrium frequencies (pi_i):
  A: 0.3791
  B: 0.1079
  C: 0.1483
  D: 0.1314
  E: 0.1105
  F: 0.1229

Symmetrized rates from j->i (W_ij):
	A	B	C	D	E	F
  A	0	2.4629	0.5698	0.686	3.8169	2.0503
  B	2.4629	0	0.4764	0.4764	0.4764	0.4794
  C	0.5698	0.4764	0	0.4768	0.5341	0.63
  D	0.686	0.4764	0.4768	0	0.4765	0.4767
  E	3.8169	0.4764	0.5341	0.4765	0	0.5316
  F	2.0503	0.4794	0.63	0.4767	0.5316	0

Actual rates from j->i (Q_ij):
	A	B	C	D	E	F
  A	0	0.9336	0.216	0.2601	1.4469	0.7772
  B	0.2657	0	0.0514	0.0514	0.0514	0.0517
  C	0.0845	0.0706	0	0.0707	0.0792	0.0934
  D	0.0902	0.0626	0.0627	0	0.0626	0.0626
  E	0.4216	0.0526	0.059	0.0526	0	0.0587
  F	0.2519	0.0589	0.0774	0.0586	0.0653	0

