Character to attribute mapping:
  G: ?
  A: cattle
  B: domestic-mammal
  C: human
  D: mammal
  E: poultry
  F: wild-bird


Substitution rate (mu): 35.397632

Equilibrium frequencies (pi_i):
  A: 0.4149
  B: 0.1169
  C: 0.1306
  D: 0.1247
  E: 0.1074
  F: 0.1055

Symmetrized rates from j->i (W_ij):
	A	B	C	D	E	F
  A	0	1.7397	0.7026	0.7487	3.8085	2.0624
  B	1.7397	0	0.518	0.5178	0.5178	1.0538
  C	0.7026	0.518	0	0.5184	0.5183	0.6236
  D	0.7487	0.5178	0.5184	0	0.5181	0.5181
  E	3.8085	0.5178	0.5183	0.5181	0	0.5185
  F	2.0624	1.0538	0.6236	0.5181	0.5185	0

Actual rates from j->i (Q_ij):
	A	B	C	D	E	F
  A	0	0.7218	0.2915	0.3107	1.5802	0.8557
  B	0.2034	0	0.0606	0.0605	0.0605	0.1232
  C	0.0918	0.0677	0	0.0677	0.0677	0.0815
  D	0.0934	0.0646	0.0646	0	0.0646	0.0646
  E	0.4089	0.0556	0.0556	0.0556	0	0.0557
  F	0.2175	0.1111	0.0658	0.0546	0.0547	0

