Character to attribute mapping:
  G: ?
  A: cattle
  B: domestic-mammal
  C: human
  D: mammal
  E: poultry
  F: wild-bird


Substitution rate (mu): 28.956803

Equilibrium frequencies (pi_i):
  A: 0.3283
  B: 0.1259
  C: 0.1413
  D: 0.1413
  E: 0.1324
  F: 0.1306

Symmetrized rates from j->i (W_ij):
	A	B	C	D	E	F
  A	0	3.4975	0.7563	0.7563	2.0649	2.3349
  B	3.4975	0	0.5282	0.5282	0.5276	0.5308
  C	0.7563	0.5282	0	0.5284	0.5277	0.5282
  D	0.7563	0.5282	0.5284	0	0.5277	0.5282
  E	2.0649	0.5276	0.5277	0.5277	0	0.5276
  F	2.3349	0.5308	0.5282	0.5282	0.5276	0

Actual rates from j->i (Q_ij):
	A	B	C	D	E	F
  A	0	1.1483	0.2483	0.2483	0.678	0.7666
  B	0.4404	0	0.0665	0.0665	0.0664	0.0668
  C	0.1069	0.0747	0	0.0747	0.0746	0.0747
  D	0.1069	0.0747	0.0747	0	0.0746	0.0747
  E	0.2734	0.0699	0.0699	0.0699	0	0.0699
  F	0.305	0.0693	0.069	0.069	0.0689	0

